AGUA RASA;2011;0;25;5;0;1580;2255;3230;1745;8840
ALTO DE PINHEIROS;2011;0;5;0;0;1230;1010;2160;470;4875
ANHANGUERA;2011;0;20;0;0;400;760;210;710;2100
ARICANDUVA;2011;0;10;10;5;1325;3105;2040;1810;8305
ARTUR ALVIM;2011;0;65;10;0;1725;3150;2435;1200;8585
BARRA FUNDA;2011;0;30;0;0;7200;2910;2565;1360;14065
BELA VISTA;2011;0;30;0;0;5380;2320;3450;490;11670
BELEM;2011;0;20;0;0;2765;1995;1065;970;6815
BOM RETIRO;2011;0;20;0;0;5085;2865;680;905;9555
BRAS;2011;0;90;0;0;5025;2160;840;660;8775
BRASILANDIA;2011;0;185;5;0;1690;2695;1250;1585;7410
BUTANTA;2011;0;20;5;0;3775;3835;2265;2010;11910
CACHOEIRINHA;2011;0;95;0;5;1375;2320;1115;1535;6445
CAMBUCI;2011;0;5;0;0;1895;1850;975;680;5405
CAMPO BELO;2011;0;25;0;0;2945;3980;1690;2315;10955
CAMPO GRANDE;2011;0;35;5;0;3385;4855;4210;3205;15695
CAMPO LIMPO;2011;0;145;15;0;2160;6425;2660;3395;14800
CANGAIBA;2011;0;55;5;0;1220;2000;1795;1345;6420
CAPAO REDONDO;2011;0;175;10;0;2160;6820;2205;3620;14990
CARRAO;2011;0;15;5;0;2020;2650;2845;1410;8945
CASA VERDE;2011;0;0;5;0;2350;2530;2405;1830;9120
CID ADEMAR;2011;0;95;0;5;3095;9970;2465;6110;21740
CID DUTRA;2011;0;25;10;0;3385;7480;3230;4860;18990
CID LIDER;2011;0;35;5;0;1755;3410;1685;2215;9105
CID TIRADENTES;2011;0;90;5;0;895;1845;1050;1590;5475
CONSOLACAO;2011;0;10;0;0;9380;3845;2495;620;16350
CURSINO;2011;0;35;5;10;1995;4155;1545;2185;9930
ERMELINO MATARAZZO;2011;0;35;10;0;1060;1980;1595;835;5515
FREGUESIA DO O;2011;0;60;10;0;3390;4005;2020;2845;12330
GRAJAU;2011;0;210;5;5;1780;5105;1415;2955;11475
GUAIANASES;2011;0;45;0;0;1655;3305;1430;2600;9035
IGUATEMI;2011;0;35;15;0;610;3165;935;3940;8700
IPIRANGA;2011;0;65;5;0;3975;7670;5515;3675;20905
ITAIM BIBI;2011;0;45;5;0;12315;7500;3855;1580;25300
ITAIM PAULISTA;2011;0;125;10;0;1645;5885;2210;4580;14455
ITAQUERA;2011;0;50;25;5;2905;4550;2840;2775;13150
JABAQUARA;2011;0;45;20;0;3745;10175;3055;7915;24955
JACANA;2011;0;85;0;0;1305;3025;1140;1805;7360
JAGUARA;2011;0;750;10;0;9510;11850;14945;7590;44655
JAGUARE;2011;0;55;0;0;1690;2110;2050;1430;7335
JARAGUA;2011;0;85;0;0;1350;3075;1330;2305;8145
JD ANGELA;2011;0;175;5;0;1600;5000;1110;2445;10335
JD HELENA;2011;0;60;20;0;920;1955;850;1185;4990
JD PAULISTA;2011;0;10;5;0;6375;2845;2255;835;12325
JD SAO LUIS;2011;0;250;5;0;3350;7330;2300;3040;16275
JOSE BONIFACIO;2011;0;80;0;0;1005;2620;1365;2020;7090
LAJEADO;2011;0;90;10;0;785;3060;830;2465;7240
LAPA;2011;0;25;10;0;7270;4040;6110;2210;19665
LIBERDADE;2011;0;15;0;5;3690;3065;1950;1005;9730
LIMAO;2011;0;10;0;0;2755;3290;1165;2210;9430
MANDAQUI;2011;0;30;0;0;1495;1215;1640;930;5310
MARSILAC;2011;0;35;0;0;50;50;30;35;200
MOEMA;2011;0;5;0;0;4445;2910;1880;910;10150
MOOCA;2011;0;20;0;5;4065;2170;3295;1155;10710
MORUMBI;2011;0;20;0;0;3380;3255;615;815;8085
PARELHEIROS;2011;0;80;0;0;620;785;305;535;2325
PARI;2011;0;10;0;0;1660;1185;600;645;4100
PARQUE DO CARMO;2011;0;25;0;0;1005;2660;2315;1930;7935
PEDREIRA;2011;0;150;0;0;1055;4975;1085;5125;12390
PENHA;2011;0;45;15;0;3630;5050;5310;3345;17395
PERDIZES;2011;0;10;0;0;3665;2810;5090;2095;13670
PERUS;2011;0;65;5;0;485;1080;745;675;3055
PINHEIROS;2011;0;10;0;0;8530;4215;4240;1145;18140
PIRITUBA;2011;0;35;0;0;2450;4655;2595;3835;13570
PONTE RASA;2011;0;45;10;0;1285;2420;1500;935;6195
RAPOSO TAVARES;2011;0;30;0;0;1605;3170;1375;1840;8020
REPUBLICA;2011;0;60;25;0;18105;11440;1515;495;31640
RIO PEQUENO;2011;0;50;10;0;1820;3730;1470;2845;9925
SACOMA;2011;0;105;15;0;1915;7970;2010;6705;18720
SANTA CECILIA;2011;0;30;0;0;7100;3765;1275;565;12735
SANTANA;2011;0;15;0;0;10545;4410;5210;2065;22245
SANTO AMARO;2011;0;35;25;0;9865;8020;4595;2845;25385
SAO DOMINGOS;2011;0;45;0;0;1045;2080;2315;1540;7025
SAO LUCAS;2011;0;15;5;0;1820;4770;4820;3840;15270
SAO MATEUS;2011;0;60;5;0;2965;5910;4050;4935;17925
SAO MIGUEL;2011;0;50;0;0;2355;3645;1735;2200;9985
SAO RAFAEL;2011;0;100;15;10;1040;3750;930;4360;10205
SAPOPEMBA;2011;0;140;0;0;2215;6180;4100;5270;17905
SAUDE;2011;0;25;0;0;4550;6555;3140;3975;18245
SE;2011;0;65;5;5;17735;5620;730;325;24485
SOCORRO;2011;0;30;15;0;1985;3055;1715;1365;8165
TATUAPE;2011;0;40;10;0;6825;5720;5715;3465;21775
TREMEMBE;2011;0;80;0;0;1585;2445;1135;1545;6790
TUCURUVI;2011;0;20;10;0;1975;2015;4560;1245;9825
VILA ANDRADE;2011;0;85;10;0;1650;3735;650;1030;7160
VILA CURUCA;2011;0;55;5;0;1075;4375;1350;3205;10065
VILA FORMOSA;2011;0;10;0;0;2025;2295;2345;1525;8200
VILA GUILHERME;2011;0;15;0;0;3965;2680;2045;1915;10620
VILA JACUI;2011;0;60;5;0;2185;4525;2330;2975;12080
VILA LEOPOLDINA;2011;0;20;0;0;4770;3015;2745;1420;11970
VILA MARIA;2011;0;40;0;0;4355;6270;3135;3595;17395
VILA MARIANA;2011;0;5;5;0;10250;6750;7285;2510;26805
VILA MATILDE;2011;0;35;0;0;2005;3460;2990;2280;10770
VILA MEDEIROS;2011;0;45;0;0;1790;2655;1950;1220;7660
VILA PRUDENTE;2011;0;45;0;0;2135;3335;4450;3200;13165
VILA SONIA;2011;0;45;10;0;2030;3895;2250;1720;9950
